618         3142523111
833         2231553311
904         2543252211
662         2531553311
598         2532523311
949         2531523311
079         2511523311
181         4531423111
508         2232322211
596         2531423311
577         2531425211
625         2531425315
482         2531425231
090         2531425231
934         2531424311
470         2531455231
089         1531123441
329         3132525251
855         2531425233
978         2531424433
966         2531425233
773         2531424433
067         1531444331
001         2531422233
267         2531425211
595         2531425242