                           Monthly Operations Summary
                         B. Everett Jordan Dam and Lake
           Note: Lake impoundment began at 1100 hours on 1 Sept. 1981

                                                                                    Water
                                                                                     shed
           Start    End     Max             Min               In-     Out-   Water   Rain-
            Elev    Elev    Elev      Max   Elev      Min    flow    flow   Supply   fall
 Year  Mn (ft-msl)(ft-msl)(ft-msl)    Day (ft-msl)    Day    (MSF)   (MSF)   (MSF  (inches)
 1981   9  191.10  193.80  193.80      24  191.10      11    1210     664            4.32
 1981  10  193.80  195.40  198.95      28  192.10      21     889     784            4.57
 1981  11  195.40  195.30  195.40       1  194.90       4     334     341            0.48
 1981  12  195.30  200.00  200.00      31  195.00       4    1543    1159            4.03
 1982   1  200.00  213.10  214.40      25  200.00       1    3992    2118            4.77
 1982   2  213.10  217.40  217.90      18  213.10       1    4050    3004            4.90
 1982   3  217.40  216.00  219.80       9  215.90      27    2929    3260            2.66
 1982   4  216.00  216.80  217.40      29  215.90       8    1481    1287            3.86
 1982   5  216.80  219.80  220.10      30  215.80       3    2251    1498            4.91
 1982   6  219.80  216.00  225.00      12  215.70      28    6374    7346            8.79
 1982   7  216.00  216.20  216.60      15  215.80      19    1218    1172            4.52
 1982   8  216.20  215.75  216.75      13  215.75      31     728     830            2.76
 1982   9  215.75  213.95  215.75       1  213.95      28     120     519            1.64
 1982  10  213.95  215.60  215.60      31  213.25      13     764     411            4.37
 1982  11  215.60  216.15  216.25      16  215.60       1     612     484            2.39
 1982  12  216.15  216.55  219.60      18  216.15       1    2412    2318            4.60
 1983   1  216.55  215.90  216.95       3  215.90      13    1372    1523            1.77
 1983   2  215.90  216.90  221.05      17  215.90       1    4434    4176            4.61
 1983   3  216.90  215.90  222.55      22  215.90      31    5325    5558            5.94
 1983   4  215.90  216.95  220.95      17  215.75       2    4575    4315            5.04
 1983   5  216.95  215.80  217.40      22  215.35       9    1741    2008            4.46
 1983   6  215.80  216.25  216.25      25  215.55       4     850     744            3.08
 1983   7  216.25  214.50  216.35       2  214.50      31     156     541            1.26
 1983   8  214.50  212.45  214.50       1  212.45      31      13     428            1.81
 1983   9  212.45  210.20  212.45       1  210.20      30     -23     401            2.07
 1983  10  210.20  209.75  210.20       1  208.85      23     295     371            4.58
 1983  11  209.75  215.80  215.80      30  209.20      11    1515     293            5.42
 1983  12  215.80  217.15  222.30       9  215.75       1    4039    3725            6.00
 1984   1  217.15  216.10  222.75      14  216.00       5    4167    4414            4.31
 1984   2  216.10  220.90  224.20      17  215.90       4    6079    4778            6.12
 1984   3  220.90  221.35  222.00       9  215.95      19    6307    6182            7.13
 1984   4  221.35  216.10  221.35       1  215.90      29    4085    5471            3.85
 1984   5  216.10  220.10  220.10      31  215.85       4    2004    1006            5.60
 1984   6  220.10  216.70  220.10       1  215.90      16     670    1556            2.80
 1984   7  216.70  222.00  222.00      31  216.00       5    3701    2317            9.36
 1984   8  222.00  216.15  222.50       3  215.95      29    1327    2839            3.23
 1984   9  216.15  215.10  216.20       1  215.05      30     267     508            0.48
 1984  10  215.10  214.00  215.25       4  214.00      20     249     481            2.41
 1984  11  214.00  212.75  214.00       1  212.55      28     220     480            1.94
 1984  12  212.75  214.90  215.06      22  212.74       1     780     339            2.46
 1985   1  214.90  216.40  219.00       6  214.90       1    2009    1674            4.05
 1985   2  216.40  216.90  224.40       5  215.90      26    4886    4756            5.12
 1985   3  216.90  215.95  216.90       1  215.60      12     861    1083            1.27
 1985   4  215.95  215.90  216.05       3  215.90      11     374     385            0.66
 1985   5  215.90  215.80  217.00      24  215.80      31     757     779            4.66
 1985   6  215.80  214.85  215.80       1  214.85      30     228     443            2.64
 1985   7  214.85  216.60  216.60      31  214.15      23     840     447            4.99
 1985   8  216.60  216.60  219.75      22  215.40      16    2138    2138            7.46
 1985   9  216.60  214.85  216.60       1  214.85      30     234     639            0.27
 1985  10  214.85  213.35  214.85       1  213.35      31     209     521            3.13
 1985  11  213.35  218.20  224.85      24  213.25       3    4074    2949            9.40
 1985  12  218.20  215.80  218.90       2  215.80      30    1665    2234            1.47
 1986   1  215.80  216.05  216.55      27  215.65      10     658     602            1.00
 1986   2  216.05  216.10  216.40      10  215.95       1    1021    1008            1.90
 1986   3  216.10  216.15  219.15      16  215.80       7    1898    1886            2.41
 1986   4  216.15  215.80  216.15       1  215.80      30     388     469            0.98
 1986   5  215.80  214.90  215.80       1  214.75      19     286     483            2.05
 1986   6  214.90  212.75  214.90       1  212.75      30      58     514            1.55
 1986   7  212.75  210.40  212.85       1  210.40      31     140     573            3.14
 1986   8  210.40  213.70  213.75      30  209.10      11    1016     393            7.11
 1986   9  213.70  211.60  213.75       1  211.60      30      92     514            1.09
 1986  10  211.60  208.85  211.60       1  208.85      31      91     564            3.01
 1986  11  208.85  208.30  208.85       1  207.85      12     292     381            3.83
 1986  12  208.30  214.75  214.75      31  208.30       1    1376     189            4.05
 1987   1  214.75  216.55  221.70      23  214.75       1    3125    2623            5.25
 1987   2  216.55  219.65  219.65      28  215.45       9    3661    2807            3.87
 1987   3  219.65  216.59  230.15       4  216.07      25    5084    5847            4.30
 1987   4  216.59  216.59  226.80      19  216.03      11    4962    4960            6.18
 1987   5  216.59  216.38  216.67      21  215.95       3     764     813            3.10
 1987   6  216.38  215.45  216.40       5  215.45      30     174     392            1.87
 1987   7  215.45  214.99  216.26       9  214.99      31     345     446            4.21
 1987   8  214.99  212.79  214.99       1  212.79      31      86     539            3.20
 1987   9  212.79  214.39  215.26      16  212.28       7     736     419            5.87
 1987  10  214.39  211.92  214.40       1  211.87      27      24     516            1.74
 1987  11  211.92  211.88  211.92       1  210.60      26     360     360            3.40
 1987  12  211.88  216.91  215.91      31  211.86      11    1110     280            3.44
 1988   1  216.91  216.63  216.62      22  215.82      12    2325    2158            3.11
 1988   2  216.63  216.13  217.61       8  216.08      17    1303    1428            2.03
 1988   3  216.13  216.88  216.88      31  216.13       1     726     550            1.91
 1988   4  216.88  216.05  217.41      21  216.01      29     891    1093            2.95
 1988   5  216.05  216.04  216.85      19  216.03       1     547     549            3.48
 1988   6  216.04  214.78  216.04       1  214.77      30     194     479            3.01
 1988   7  214.78  212.83  214.81       1  212.82      31      85     486            3.00
 1988   8  212.83  210.84  212.83       1  210.23      29     119     490            3.88
 1988   9  210.84  210.52  211.14      14  210.52      31     279     337            4.45
 1988  10  210.52  211.40  211.86       8  210.32       3     535     377            3.48
 1988  11  211.40  215.83  215.83      30  211.40       1    1191     261            4.75
 1988  12  215.83  215.75  216.29       8  215.69      31     367     385            0.82
 1989   1  215.75  215.98  216.42      17  215.75       1     696     645            1.60
 1989   2  215.98  224.50  224.50      28  215.96       1    4355    1792            6.08
 1989   3  224.50  220.29  226.72       9  216.78      22    6244    7482            7.35
 1989   4  220.29  217.22  220.29       1  216.16      24    2447    3272            4.05
 1989   5  217.22  216.17  221.62       4  216.09      22    3045    3293            5.56
 1989   6  216.17  216.29  217.21      11  216.03      16    1877    1848            7.77
 1989   7  216.29  216.36  218.48      18  216.00       4    1338    1321            6.14
 1989   8  216.36  216.21  217.14      20  215.80      14    1439    1474            5.12
 1989   9  216.21  216.18  216.38      23  215.63      16     664     671
 1989  10  216.18  216.27  221.60       4  216.18       1    2905    2884            5.05
 1989  11  216.27  216.16  216.89      24  216.05      24    1125    1125            3.39
 1989  12  216.16  216.08  220.85      15  215.71      25    2546    2565            3.02
 1990   1  216.08  217.85  219.50      29  215.68      18    3292    2873            4.31
 1990   2  217.85  216.02  220.69      20  216.02      28    4255    4735            4.22
 1990   3  216.02  219.27  219.27      31  215.96       9    2322    1528            3.66
 1990   4  219.27  216.17  219.44       1  215.99      13    2148    2931            3.03
 1990   5  216.17  218.37  219.07      30  215.96      21    3215    2687            7.07
 1990   6  218.37  215.86  218.37       1  215.86      30     552    1170            1.36
 1990   7  215.86  214.23  215.86       1  214.22      31     124     476            2.56
 1990   8  214.23  213.21  214.23       1  213.09      16     324     533            2.76
 1990   9  213.21  210.52  213.22       1  210.52      30      31     550            0.57
 1990  10  210.52  216.04  221.44      26  209.59      11    3463    2343           10.39
 1990  11  216.04  216.14  216.86      13  215.85       9     781     757            2.29
 1990  12  216.14  216.59  218.11       6  216.01      27    1805    1700            4.04
 1991   1  216.59  216.10  225.29      14  215.96      25    5387    5502            5.25
 1991   2  216.10  216.15  216.24      20  215.84      13    1000     987            1.31
 1991   3  216.15  221.78  221.78      31  215.98      27    4195    2744            6.58
 1991   4  221.78  216.11  222.18       1  215.94      26    2053    3563            3.84
 1991   5  216.11  215.95  217.50      23  215.89       6    1097    1134            3.22
 1991   6  215.95  216.08  216.66      23  215.55      17     617     586            2.84
 1991   7  216.08  216.14  216.79       4  215.74      26     711     697            4.70
 1991   8  216.14  215.43  216.17       1  215.40      31     373     531            3.19
 1991   9  215.43  215.24  215.49       1  213.99      19     490     534            4.34
 1991  10  215.24  214.48  215.46       8  214.43      31     399     561            1.39
 1991  11  214.48  213.18  214.48       1  213.16      30     255     533            1.62
 1991  12  213.18  213.74  213.69      31  212.69      26     554     440            3.22
 1992   1  213.74  216.09  219.08       6  213.74       1    2116    1611            3.73
 1992   2  216.09  218.41  219.17      28  216.91      11    1616    1020            3.00
 1992   3  218.41  216.20  218.41       1  216.05       5    1795    2326            3.09
 1992   4  216.20  216.10  221.78      24  215.95      10    2306    2332            4.30
 1992   5  216.10  216.06  216.29      12  215.75      29     597     607            3.24
 1992   6  216.06  216.28  217.95      11  215.95      25    1681    1628            5.70
 1992   7  216.28  216.12  216.41      26  215.27      22     873     910            3.49
 1992   8  216.12  215.79  216.74      17  215.39      12     675     750            4.04
 1992   9  215.79  214.10  215.83       1  214.10      30     541     165            2.20
 1992  10  214.10  213.83  215.01      12  213.78      30     426     481            3.89
 1992  11  213.83  217.23  218.42      28  213.82       1    2193    1412            5.88
 1992  12  217.23  216.73  217.75      13  215.98       5    1698    1817            2.62
 1993   1  216.73  216.36  221.51      11  215.96       4    4230    4317            4.99
 1993   2  216.36  216.34  217.41      17  215.97      21    2073    2079            3.10
 1993   3  216.34  217.00  226.18       8  216.07       3    7820    7665            7.68
 1993   4  217.00  216.17  223.31      11  215.88      21    5327    5529            5.00
 1993   5  216.17  216.21  216.52       7  215.94      15     848     839            3.49
 1993   6  216.21  215.40  216.44       4  215.40      30     297     484            1.58
 1993   7  215.40  215.45  215.95       6  215.24      19     479     468            6.05
 1993   8  215.45  214.01  215.63       5  214.01      31     270      13      13    3.64
 1993   9  214.01  212.93  214.07       7  212.92      30     308      16      16    3.20
 1993  10  212.93  211.26  212.93       1  211.00      27     196     497      14    2.64
 1993  11  211.26  213.03  213.03      30  210.80      26     682     323      13    3.45
 1993  12  213.03  216.09  216.79      24  213.02       2    1219     557      12    3.76
 1994   1  216.09  217.36  217.66      30  215.56      23    1952    1639      13    3.79
 1994   2  217.36  217.98  218.99      26  216.02       4    2986    2809      13    3.27
 1994   3  217.98  222.71  222.83      31  216.03      16    5366    4063      12    6.97
 1994   4  222.71  215.94  222.71       1  215.74       6    1633    3470      14    1.71
 1994   5  215.94  215.52  216.36       9  215.52      31     415     492      16    2.26
 1994   6  215.52  215.26  215.59      20  215.24      29     321     364      17    3.02
 1994   7  215.26  217.08  217.08      31  215.26       1     837     404      16    6.77
 1994   8  217.08  216.18  217.09       1  215.83      14     803    1000      14    6.78
 1994   9  216.18  215.38  216.55       4  215.30      27     353     523      15    2.06
 1994  10  215.38  215.48  215.86      17  214.75      13     424     397      16    2.60
 1994  11  215.48  215.19  215.47       1  214.80      21     284     336      13    2.64
 1994  12  215.19  215.52  215.61      30  215.17       1     346     261      12    0.99
 1995   1  215.52  216.17  219.76      17  215.50       1    2255    2098      12    4.87
 1995   2  216.17  216.60  224.07      20  216.01       9    3420    3297      12    4.13
 1995   3  216.60  215.99  219.09       3  215.92      21    2625    2755      13    3.01
 1995   4  215.99  216.12  216.36      13  215.89       3     447     398      18    0.96
 1995   5  216.12  216.57  216.66      31  215.91      26     540     415      19    4.26
 1995   6  216.57  223.39  223.39      30  215.83      18    4141    2232      15   10.55
 1995   7  223.39  216.39  224.14       2  216.10      17    1380    3240      16    3.62
 1995   8  216.39  218.11  219.26      29  214.86      27    1300     870      19    3.88
 1995   9  218.11  215.21  218.07       1  215.21      30     242     928      13    2.16
 1995  10  215.21  217.60  219.36      24  214.99       4    2654    2088      19    8.00
 1995  11  217.60  216.71  221.27      14  216.15      24    3024    3225      18    3.85
 1995  12  216.71  216.19  217.32      12  216.05      21    1284    1389      17    1.81
 1996   1  216.19  218.86  221.03      22  216.00      27    4071    3409      15    5.04
 1996   2  218.86  216.12  219.82       4  216.06      19    2541    3238      12    2.39
 1996   3  216.12  216.72  218.75      10  215.94       5    2535    2380      15    3.79
 1996   4  216.72  217.01  217.01      30  216.02      26    1700    1615      16    3.54
 1996   5  217.01  216.53  217.76       2  215.96      15    1535    1630      17    4.96
 1996   6  216.53  215.81  216.60      12  216.81      30     677     830      18    2.55
 1996   7  215.81  216.93  215.95      31  216.13       4     543     503      14    4.19
 1996   8  216.93  216.00  216.91       8  215.92       1     944     917      11    5.69
 1996   9  216.00  216.53  233.59      12  215.88       3    7486    7343      15   12.65
 1996  10  216.53  216.08  218.86      10  216.01      30    1931    2018      17    3.97
 1996  11  216.08  216.29  216.72      11  216.01       2    1065     998      16    2.76
 1996  12  216.29  216.34  217.93       4  216.18      12    2450    2423      15    3.68
 1997   1  216.34  216.10  219.38      13  216.95      31    2419    2459      16    3.42
 1997   2  216.10  216.39  221.50      17  216.12       1    3298    3208      15    3.32
 1997   3  216.39  216.29  218.16      21  216.11      27    2787    2798      13    3.32
 1997   4  216.29  225.26  225.26      30  216.04      19    4038    1452      14    6.55
 1997   5  225.26  216.54  225.45       1  216.12      15    1550    3962      16    1.45
 1997   6  216.54  216.32  217.23       4  215.98      12     945     982      17    3.97
 1997   7  216.32  217.36  218.22      27  215.70      22     926     660      20    4.67
 1997   8  217.36  215.13  217.36       1  215.13      31     173     664      21    1.39
 1997   9  215.13  214.61  215.13       1  214.41      10     329     424      20    4.42
 1997  10  214.61  214.05  214.65       1  213.62      18     342     438      23    3.03
 1997  11  214.05  216.18  216.20      30  213.86      12     801     305      18    3.53
 1997  12  216.18  217.89  217.90      31  216.18       1    1079     657      17    2.99
 1998   1  217.89  224.53  225.40      30  216.61       8    6503    4614      17    7.53
 1998   2  224.53  218.21  228.52       7  217.89      16    7482    9450      17    6.16
 1998   3  218.21  219.61  230.35      23  216.06      17    7242    6861      18    6.36
 1998   4  219.61  216.16  220.26      21  215.98      29    2883    3745      18    4.12
 1998   5  216.16  216.37  218.85      12  216.11      20    1890    1824      18    4.47
 1998   6  216.37  216.14  216.66      15  216.04       2     544     580      20    2.47
 1998   7  216.14  214.90  216.14       1  214.84      30     233     488      20    2.44
 1998   8  214.90  213.75  214.91       1  213.75      31     249     470      19    3.02
 1998   9  213.75  213.21  214.37       8  213.17      30     404     498      19    3.63
 1998  10  213.21  211.65  213.20       1  211.65      31     239     518      19    1.31
 1998  11  211.65  210.58  211.65       1  210.55      30     231     416      14    1.77
 1998  12  210.58  212.92  212.95      30  210.30       8     703     253      15    4.58
 1999   1  212.92  219.95  222.25      27  212.91       1    3342    1694      18    5.88
 1999   2  219.95  216.23  219.95       1  216.09      25    1294    2305      15    6.15
 1999   3  216.23  216.65  218.10      23  215.89       3    1597    1480      19    2.72
 1999   4  216.65  217.57  218.06       4  216.10      13    1335    1087      21    4.32
 1999   5  217.57  216.02  218.70       2  216.02      31     996    1341      22    1.86
 1999   6  216.02  214.76  216.02       1  214.76      30     214     481      17    2.21
 1999   7  214.76  214.04  214.76       1  214.04      31     336     501      17    3.87
 1999   8  214.04  213.46  214.04       1  212.54      25     387     491      14    3.33
 1999   9  213.46  223.32  223.62      18  213.27       4    6709    4129      11   15.92
 1999  10  223.32  216.50  224.34       2  216.40      29    1486    3303      11    2.39
 1999  11  216.50  217.40  217.75      29  216.50       1     867     637      10    2.08
 1999  12  217.40  216.68  217.40       1  216.14      21    1004    1168       8    2.06
 2000   1  216.68  219.34  219.34      31  216.26       4    2172    1504       9    3.56
 2000   2  219.34  221.01  222.41      19  219.34       1    3177    2681      12    1.95
 2000   3  221.01  216.90  221.01       1  216.87      17    1683    2732       9    2.68
 2000   4  216.90  217.45  219.05      20  216.32       4    2372    2228      10    5.41
 2000   5  217.45  216.56  217.47       1  216.20      10     695     890      17    1.94
 2000   6  216.56  217.27  217.27      30  216.27      15     718     530      14    4.13
 2000   7  217.27  216.65  219.31      26  216.30      23    1392    1528      11    4.60
 2000   8  216.65  216.73  217.42       7  215.77      27     932     900      13    5.07
 2000   9  216.73  217.84  218.53       7  216.08      16    1805    1518      13    5.68
 2000  10  217.84  214.53  217.84       1  214.53      31     157     896      16    0.07
 2000  11  214.53  213.54  214.54       1  213.37      24     296     494      14    1.86
 2000  12  213.54  213.61  213.91      23  212.84      17     413     386      13    1.45
 2001   1  213.61  214.90  214.90      31  213.20      19     626     345      12    2.13
 2001   2  214.90  216.29  217.84      21  214.83       9    1298     943      13    2.61
 2001   3  216.29  221.91  221.91      31  216.10       3    3485    2020      11    5.48
 2001   4  221.91  216.41  224.35       2  216.12      15    2201    3681      11    2.23
 2001   5  216.41  216.71  216.75      29  216.03      15     504     415      19    3.18
 2001   6  216.71  216.35  218.06       3  216.28      11    1107    1177      18    4.63
 2001   7  216.35  216.34  216.68       6  215.48      26     593     577      19    4.44
 2001   8  216.34  216.76  217.20      14  215.91      10     784     667      19    2.67
 2001   9  216.76  215.63  216.90       2  215.60      24     316     567      17    2.41
 2001  10  215.63  213.77  215.63       1  213.77      31     127     505      17    1.12
 2001  11  213.77  211.78  213.77       1  211.78      30     112     496      19    0.40
 2001  12  211.78  210.89  211.78       1  210.89      31     254     392      25    2.20
 2002   1  210.89  216.71  217.82      27  210.73       5    1817     595      25    3.91
 2002   2  216.71  216.56  217.69      10  216.50      26     728     746      21    1.17
 2002   3  216.56  216.74  217.12       5  216.40       8    1044     976      26    3.22
 2002   4  216.74  216.09  217.47       3  216.07      30     499     635      24    1.07
 2002   5  216.09  214.06  216.11       1  214.06      31     128     536      31    1.62
 2002   6  214.06  211.59  214.08       1  211.50      28      75     534      42    2.19
 2002   7  211.59  210.87  211.59       1  210.63      25     133     228      36    3.50
 2002   8  210.87  210.43  210.87       1  209.81      25     179     216      40    3.71
 2002   9  210.43  213.98  214.07      23  210.44       1     921     195      28    5.27
 2002  10  213.98  218.44  222.59      15  213.74      10    3614    2566      27    8.51
 2002  11  218.44  216.17  220.65      19  216.04      25    2980    3520      24    3.69
 2002  12  216.17  217.09  220.93      16  216.11       2    4215    3977      22    4.20
 2003   1  217.09  216.92  217.09       1  216.23      29    1489    1508      21    2.03
 2003   2  216.92  220.91  220.91      28  216.80      18    4292    3134      21    4.83
 2003   3  220.91  220.43  227.48      24  216.30      14    7422    7527      26    7.37
 2003   4  220.43  216.33  233.82      15  216.23      29    7599    8646      26    6.63
 2003   5  216.33  217.80  221.35      27  216.14       9    3660    3282      29    7.27
 2003   6  217.80  216.47  220.32      10  216.30       7    3657    3956      27    5.23
 2003   7  216.47  216.34  218.63       4  216.17      13    2411    2413      28    7.03
 2003   8  216.34  216.30  219.75      13  216.06      23    2788    2768      29    7.13
 2003   9  216.30  216.37  219.25      25  215.88      15    2824    2779      28    5.98
 2003  10  216.37  216.44  217.03      18  216.02      28    1053    1007      29    2.41
 2003  11  216.44  216.22  216.47       1  216.02      19     626     653      26    1.70
 2003  12  216.22  216.30  218.13      16  215.94      22    1832    1790      23    3.18
 2004   1  216.30  216.35  216.50      15  216.20      24     727     691      24    1.03
 2004   2  216.35  216.54  218.14       8  216.34       1    2208    2137      24    2.76
 2004   3  216.54  216.16  216.90      19  215.76      22    1354    1417      26    1.79
 2004   4  216.16  216.63  217.10      15  216.09      11    1125     983      28    2.15
 2004   5  216.63  216.38  218.12       5  216.32      31     705     731      32    3.18
 2004   6  216.38  216.71  216.82      17  216.28       3     624     511      33    5.49
 2004   7  216.71  216.95  217.25      30  216.18      17     766     677      32    6.07
 2004   8  216.95  217.90  217.90      31  215.85      12    1716    1459      29    6.50
 2004   9  217.90  218.01  219.81      10  215.83      28    2717    2662      28    6.18
 2004  10  218.01  216.25  218.01       1  216.07      12     937    1326      29    1.62
 2004  11  216.25  218.37  218.46      30  216.17      22    1836    1282      27    4.37
 2004  12  218.37  216.34  220.14      13  216.09      23    1976    2440      24    2.44
 2005   1  216.34  216.72  221.22      18  216.07      13    2251    2138      24    1.40
 2005   2  216.72  217.49  217.65       7  216.33      16    1621    1393      24    2.38
 2005   3  217.49  218.70  219.19      30  216.10      16    3505    3180      26    4.39
 2005   4  218.70  216.12  218.77       3  216.01      16    1575    2194      28    1.77
 2005   5  216.12  216.10  216.62      23  216.09       1     581     554      32    2.12
 2005   6  216.10  215.46  216.73      10  215.45      30     598     710      35    2.95
 2005   7  215.46  216.31  216.35      31  215.12       7     659     430      37    5.13
 2005   8  216.31  215.45  216.60      11  215.44      31     393     550      36    3.06
 2005   9  215.45  212.97  215.45       1  212.97      30      10     507      39
 2005  10  212.97  212.65  213.32      13  212.60       6     273     302      33
 2005  11  212.65  213.78  213.78      30  212.13      20     465     199      29
 2005  12  213.78  216.68  218.68      17  213.78       1    2281    1622      24
 2006   1  216.68  216.69  216.91       5  216.29      18     929     939      23
 2006   2  216.69  217.19  217.41      26  216.48       3     715     522      23
 2006   3  217.19  216.86  217.30       1  216.84      31     413     466      25    1.07
 2006   4  216.86  217.49  218.37      28  216.84       1     860     675      30    3.56
 2006   5  217.49  216.44  217.47       1  216.41      31     385     604      30    2.06
 2006   6  216.44  218.21  219.43      16  216.26      11    1810    1340      32    8.70
 2006   7  218.21  216.60  218.18       1  216.29       5    1517    1868      36    5.38
 2006   8  216.60  215.74  216.60       1  215.43      30     209     368      38    3.53
 2006   9  215.74  216.57  217.26      15  215.74       1     914     684      33    5.57
 2006  10  216.57  216.72  217.08      20  216.28      27     528     461      32    3.59
 2006  11  216.72  220.22  225.44      26  216.28       6    4407    3464      28    6.79
 2006  12  220.22  219.03  220.49      27  216.29      22    1773    2066      26    2.56
 2007   1  219.03  216.27  219.04       9  216.14      29    2440    3087      26    4.85
 2007   2  216.27  216.85  218.57      16  216.12      12    1879    1704      25    2.56
 2007   3  216.85  216.38  219.29       4  216.15      15    2458    2539      29    3.13
 2007   4  216.38  216.53  224.06      18  216.22       7    2992    2924      31    4.31
 2007   5  216.53  216.16  216.90      14  216.16      31     331     378      40    1.09
 2007   6  216.16  215.75  216.42       9  215.60      27     329     386      39    2.73
 2007   7  215.75  214.77  215.83       1  214.75      27     229     403      40    3.14
 2007   8  214.77  212.72  214.77       1  212.72      31      98     475      44    0.88
 2007   9  212.72  211.14  212.73       1  211.14      30      35     299      41    1.06
 2007  10  211.14  212.53  212.53      31  210.19      24     502     204      37    5.25
 2007  11  212.53  211.83  212.62       2  211.82      30      97     206      29    0.66
 2007  12  211.83  213.24  213.24      31  211.51      13     506     205      28    3.84
 2008   1  213.24  214.60  214.62      31  231.27       1     519     210      28    1.47
 2008   2  214.60  217.33  217.34      29  214.54       1     901     213      27    2.92  
 2008   3  217.33  217.15  220.87      11  217.09      31    1802    1817      28    4.30  
 2008   4  217.15  219.28  220.70       8  217.06      25    2697    2120      27    5.22
 2008   5  219.28  216.75  220.03      12  216.73      31     687    1282      32    2.88
 2008   6  216.75  215.42  216.81       1  215.26      29     190     462      41    2.86 
 2008   7  215.42  215.67  216.61      11  215.33       4     531     439      38    2.94
 2008   8  215.67  218.09  218.75      30  213.83      26    1303     693      40    7.68 
 2008   9  218.09  217.14  222.40       8  216.63      26    2387    2589      36    5.96 
 2008  10  217.14  216.01  217.15       1  216.01      31     239     469     36     1.27
 2008  11  216.01  216.48  216.48      31  215.81      13     403     258     31     2.95
 2008  12  216.48  216.98  219.74      15  216.42       9    2027    1883     27     4.04
 2009   1  216.98  217.02  219.91       9  216.44       2    1742    1705     27     1.84
 2009   2  217.02  216.82  217.03       2  216.59      27     658     682     28     1.23
 2009   3  216.82  219.66  221.14       4  216.85       1    4255    3515     29     6.08
 2009   4  219.66  216.50  219.64       1  216.50      30    1392    2174     31     2.22   
 2009   5  216.50  216.80  217.19       8  216.46       4     745     639     35     3.07
 2009   6  216.80  215.99  220.19       7  215.99      30    1889    2048     37     5.17
 2009   7  215.99  214.48  215.99       1  214.43      29     145     433     41     1.71
 2009   8  214.48  213.35  214.49       1  231.35      31     168     364     38     2.31
 2009   9  213.35  213.09  213.38       1  212.31      22     257     273     38     3.35
 2009  10  213.09  212.80  213.12       1  212.51      24     203     225     35     2.35
 2009  11  212.80  217.47  222.17      14  212.81       1    3836    2752     30     8.53
 2009  12  217.47  218.29  221.29      11  217.14       2    5021    4793     27     6.17
 2010   1  218.29  221.76  223.13      27  216.10      12    3480    2520     27     4.44
 2010   2  221.76  217.13  227.54       8  216.57      24    4874    6192     28     2.81
 2010   3  217.13  219.58  219.58      31  216.28      28    2469    1823     30     3.76
 2010   4  219.58  216.27  219.59       1  216.23      30     822    1637     30     1.25
 2010   5  216.27  217.11  218.07      19  215.75      16    1644    1408     39     5.73

        Note:  MSF is Month-Second-Feet which is average flow in cfs over the entire month
