CORR   p1 1.0
CORR   p2 -.0385    1.0
CORR   p3 .6066     -.0693    1.0
CORR   p4 .4507     -.1167    .5916     1.0
CORR   p5 .0320     .4881     .0317     -.0802    1.0
CORR   p6 -.2877    .4271     -.1336    -.2073    .4731     1.0
CORR   p7 -.2974    .3045     -.2404    -.1850    .4138     .6346     1.0
CORR   p8 .4526     -.3090    .5886     .6286     -.1397    -.1329    -.2599    1.0
CORR   p9 .2952     -.1704    .3165     .3680     -.2367    -.1541    -.2893    .4047     1.0
N      N  123  123  123  123  123  123  123   123  123
