1890
1957
1925
1885
1896
1934
2036
2069
2060
1922
1854
1852
1952
2011
2015
1971
1883
2070
2221
2173
2105
1962
1951
1975
2092
2148
2114
2013
1986
2088
2218
2312
2462
2455
2357
2309
2398
2400
2331
2222
2156
2256
2352
2371
2356
2211
2108
2069
2123
2147
2050
1977
1993
2134
2275
2262
2194
2109
2114
2086
2089
2097
2036
1957
1953
2039
2116
2134
2142
2023
1972
1942
1931
1980
1977
1972
2017
2161
2468
2691
2890
2913
2940
2870
2911
2832
2774
2568
2574
2641
2691
2698
2701
2596
2503
2424
